U:  (1001, 1001)
[[ -2.07187707e-01  -9.28799277e-03  -6.85250584e-01 ...,  -3.41431827e-04
    8.97153417e-04  -4.08241674e-04]
 [ -1.32018807e-01   1.49903688e-02   6.68845922e-01 ...,   3.66150459e-03
    2.74681847e-04  -9.69170535e-04]
 [ -1.11955445e-01   3.04892815e-02  -6.40339223e-02 ...,   2.57184594e-03
    6.71307092e-04  -1.84603603e-04]
 ..., 
 [ -4.25133287e-04   3.80157460e-04   1.01912255e-04 ...,  -3.78455477e-02
   -7.05918186e-02   1.38350499e-02]
 [ -5.01322494e-04  -8.82046824e-04   2.62918798e-03 ...,  -2.96561812e-02
   -4.72623308e-02   3.93826594e-02]
 [ -9.47085984e-01   6.56687976e-02   5.28289391e-02 ...,   9.87406264e-04
    2.98836708e-05  -1.40300314e-04]]



sigma: (1001,)
[  8.76531637e+04   3.78638688e+03   2.16854646e+03 ...,   2.86550594e-02
   1.55569411e-02   4.00787093e-03]
[  8.76531637e+04   3.78638688e+03   2.16854646e+03   1.50173715e+03
   1.15563091e+03   1.08428727e+03   5.30325428e+02   4.40316694e+02
   3.76274857e+02   3.03338013e+02   2.99975103e+02   2.49763045e+02
   2.32687228e+02   2.11416702e+02   2.05268108e+02   1.93505884e+02
   1.65012183e+02   1.59849725e+02   1.52466064e+02   1.42458390e+02
   1.35859468e+02   1.35001094e+02   1.26069602e+02   1.25025718e+02
   1.20819627e+02   1.19460357e+02   1.15422424e+02   1.12442467e+02
   1.09616848e+02   1.07889127e+02   1.05963604e+02   1.04574125e+02
   1.03311886e+02   9.61215291e+01   9.25242449e+01   9.17753985e+01
   8.85063453e+01   8.71424673e+01   8.60109645e+01   8.46263898e+01
   8.38432396e+01   8.23029632e+01   8.12686697e+01   7.91586377e+01
   7.84091585e+01   7.83641451e+01   7.60167933e+01   7.53819966e+01
   7.45080800e+01   7.21501278e+01]



VT: (1001, 1001)
[[ -2.07187707e-01  -1.32018807e-01  -1.11955445e-01 ...,  -4.25133287e-04
   -5.01322494e-04  -9.47085984e-01]
 [ -9.28799277e-03   1.49903688e-02   3.04892815e-02 ...,   3.80157460e-04
   -8.82046824e-04   6.56687976e-02]
 [  6.85250584e-01  -6.68845922e-01   6.40339223e-02 ...,  -1.01912255e-04
   -2.62918798e-03  -5.28289391e-02]
 ..., 
 [  3.41431827e-04  -3.66150459e-03  -2.57184594e-03 ...,   3.78455477e-02
    2.96561812e-02  -9.87406264e-04]
 [  8.97153417e-04   2.74681847e-04   6.71307092e-04 ...,  -7.05918186e-02
   -4.72623308e-02   2.98836708e-05]
 [  4.08241674e-04   9.69170535e-04   1.84603603e-04 ...,  -1.38350499e-02
   -3.93826594e-02   1.40300314e-04]]



